Model: WGAN-GP  
Dataset: CELEBA_70000
Epochs: 50
Generator Losses: [123.76536560058594, 118.60539245605469, 113.41441345214844, 106.8814697265625, 99.06846618652344, 88.5299072265625, 76.210693359375, 64.01698303222656, 52.331703186035156, 38.61072540283203, 27.173938751220703, 16.455692291259766, 6.262442588806152, -1.9853129386901855, -10.988941192626953, -19.44367218017578, -27.039918899536133, -36.788490295410156, -44.796226501464844, -51.31655502319336, -60.542823791503906, -65.07472229003906, -71.90714263916016, -75.59011840820312, -83.02864074707031, -89.50775146484375, -90.68241882324219, -97.05657958984375, -101.91104888916016, -102.96839904785156, -110.91093444824219, -115.91276550292969, -120.13085174560547, -127.59951782226562, -130.8920135498047, -136.83682250976562, -141.4852294921875, -144.7913818359375, -149.60755920410156, -153.92205810546875, -156.3188018798828, -160.52459716796875, -164.9730224609375, -169.1269989013672, -173.55784606933594, -176.49386596679688, -180.89520263671875, -183.10079956054688, -187.2962646484375, -189.53330993652344, ]
 Discriminator Losses: [-23.83136749267578, -17.266794204711914, -14.127049446105957, -11.363075256347656, -9.634871482849121, -7.835034370422363, -6.168076515197754, -5.277581214904785, -3.474496841430664, -1.7619600296020508, -0.522150993347168, 0.4592282772064209, 1.1370364427566528, 1.8540611267089844, 2.714782238006592, 3.4449784755706787, 4.108870506286621, 3.899970531463623, 4.76419734954834, 5.215230941772461, 5.3743767738342285, 6.265893936157227, 6.000222206115723, 6.089252948760986, 5.797105312347412, 6.852973937988281, 6.542736053466797, 7.0798797607421875, 7.479302883148193, 7.540069580078125, 8.013931274414062, 8.284512519836426, 8.628035545349121, 8.521623611450195, 9.26834487915039, 9.072404861450195, 9.379927635192871, 9.536991119384766, 9.902379989624023, 9.699460983276367, 9.33053207397461, 10.26073169708252, 9.967607498168945, 9.822284698486328, 10.241504669189453, 10.159857749938965, 9.903606414794922, 10.660585403442383, 10.261032104492188, 10.84530258178711, ] 
 FIDs: [232.96408660350878, 181.25187895218835, 145.01783726221555, 124.81260537688476, 112.87470857799471, 106.35676766273575, 102.67462415841254, 99.14259245224366, 97.14713009975384, 95.3080075483669, 94.00016559178198, 92.92182317439338, 91.21100521242695, 89.99636088371355, 89.19197248979373, 89.0124505336178, 86.85511963173359, 86.83640731909901, 85.60302486507062, 84.24957280107019, 83.03723743766236, 86.21032601071431, 84.60787042386858, 83.88107290302825, 82.5018188051427, 81.85828226327135, 83.0708089851136, 80.78776098717535, 81.59531213654208, 82.3956533167918, 79.80826080372023, 81.48249111656915, 80.8424721064475, 80.07118881254654, 80.99530799214226, 79.54157833597618, 77.50956832706615, 79.75430610992221, 77.95227320937232, 79.21628877593288, 77.40464790790257, 78.56733782143624, 78.10734944892315, 77.38047262539484, 78.28725377035161, 76.84798284964162, 77.55785140749666, 78.61339011847315, 76.275130681206, 77.44058849449357,  ]
 Inception Scores: [3.2380946501395163, 3.137232009640344, 2.9609980588291567, 2.8868562171119883, 2.6720936483645343, 2.599008294834888, 2.5922415348118246, 2.5665226327771453, 2.5485221132279685, 2.5356357255305593, 2.4962281733638867, 2.5256541138604076, 2.5035786463206664, 2.438421341569145, 2.4687684616533194, 2.4608023197949263, 2.417974441674844, 2.3749274584776936, 2.3662294350176176, 2.3248402501349386, 2.333744628363778, 2.343644736141688, 2.3451973555400674, 2.3440528621576435, 2.374023991570571, 2.364973155072084, 2.3798643331839475, 2.3879984327055532, 2.4000534100220823, 2.463445745912836, 2.4144992094982776, 2.4503597107815334, 2.4484790234803455, 2.3468724946191024, 2.353353460570868, 2.274876930695066, 2.3442888882293156, 2.280792679797886, 2.302419012147371, 2.2594722498237245, 2.2880804693822525, 2.2685047977276556, 2.2393307651160534, 2.2690828749416188, 2.262950337163905, 2.2538333721780233, 2.2296735521952367, 2.215934927161048, 2.261883814326166, 2.28302497535909, ] 
 Epoch Times: 560.8739457130432, 564.3048760890961, 562.1146152019501, 564.280946969986, 596.1140587329865, 562.1006588935852, 559.8006851673126, 559.6834695339203, 562.1451594829559, 588.9428133964539, 556.5885953903198, 565.0302846431732, 562.5369973182678, 567.3239805698395, 599.9586441516876, 555.9378356933594, 557.4013979434967, 559.779009103775, 556.7845785617828, 584.6927375793457, 555.3100173473358, 553.1848881244659, 555.4081778526306, 562.1502494812012, 599.3713083267212, 558.8015460968018, 565.7080414295197, 559.4739747047424, 553.3637375831604, 591.7118124961853, 561.7968142032623, 560.08216547966, 556.759738445282, 556.1933810710907, 603.129510641098, 567.6522173881531, 556.5028114318848, 557.8644077777863, 554.0267362594604, 588.7680780887604, 557.1492912769318, 559.0737943649292, 557.0493602752686, 558.4040946960449, 589.9695098400116, 564.1476526260376, 562.3932828903198, 562.9199740886688, 559.4256393909454, 595.718985080719, ] 
 Total Time: 28329.906488895416
Precision: [0.158, 0.243, 0.266, 0.304, 0.331, 0.31, 0.337, 0.331, 0.356, 0.367, ] 
 Recall: [0.029, 0.043, 0.06, 0.053, 0.061, 0.06, 0.044, 0.041, 0.036, 0.059, ]