Model: WGAN  
Dataset: MNIST_70000
Epochs: 50
Generator Losses: [0.7332729697227478, 0.6839241981506348, 0.16326968371868134, 0.560003936290741, 0.6055113673210144, 0.579010546207428, 0.33392632007598877, 0.4364388883113861, 0.30352652072906494, 0.5770813226699829, 0.5749766826629639, 0.565453290939331, 0.5669500231742859, 0.5644222497940063, 0.5729185342788696, 0.5430232286453247, 0.5424477458000183, 0.5383552312850952, 0.520499587059021, 0.15188656747341156, 0.5207570195198059, 0.15878185629844666, 0.4918893575668335, 0.4883398413658142, 0.46670612692832947, 0.13907155394554138, 0.45467138290405273, 0.44251367449760437, 0.43260806798934937, 0.44447457790374756, 0.41463974118232727, 0.13484761118888855, 0.15859249234199524, 0.048272475600242615, 0.359269380569458, 0.3938591480255127, 0.10880911350250244, 0.10410495102405548, 0.08536945283412933, 0.3759055733680725, 0.06647404283285141, 0.015439924784004688, 0.2533930838108063, 0.3183947205543518, 0.39569681882858276, 0.35873788595199585, 0.033701613545417786, 0.044145260006189346, 0.08769860863685608, 0.061660051345825195, ]
 Discriminator Losses: [-1.543218731880188, -1.39493989944458, -0.9872896075248718, -1.15627121925354, -1.0826447010040283, -1.1456100940704346, -0.977061927318573, -1.0117478370666504, -0.9143543839454651, -1.0163848400115967, -0.905092716217041, -0.8215251564979553, -0.6965836882591248, -0.7075778245925903, -0.7656775116920471, -0.6754099726676941, -0.7427729964256287, -0.7134228944778442, -0.6697450876235962, -0.6554046869277954, -0.662987232208252, -0.64580237865448, -0.5930175185203552, -0.591352105140686, -0.5467358827590942, -0.619917631149292, -0.5166130661964417, -0.4985292851924896, -0.4375450611114502, -0.5036064982414246, -0.4396056830883026, -0.5701163411140442, -0.5609278082847595, -0.49151480197906494, -0.3870634436607361, -0.4201732277870178, -0.5154851675033569, -0.5352219343185425, -0.479225754737854, -0.3999794125556946, -0.4466160535812378, -0.43302610516548157, -0.31721562147140503, -0.35387250781059265, -0.46100664138793945, -0.3964446783065796, -0.4370986819267273, -0.43216532468795776, -0.4631667137145996, -0.43651866912841797, ] 
 FIDs: [409.7077325031312, 306.1584398319187, 181.0080593749936, 118.15915767898879, 106.6957513422702, 96.61492980404029, 86.1694512880116, 82.78780522768885, 75.73746026365458, 78.91746191619609, 75.74542156851219, 74.24368519127944, 72.795880065085, 71.08030260425271, 68.77405498845118, 66.13785171214866, 64.81770539639426, 64.5158315298936, 64.18013020941093, 61.197956230334555, 62.68978217796721, 60.75739949333639, 61.45085519140155, 61.75147227736388, 61.35063656536497, 60.23848531388411, 60.35840321743261, 60.42720415007358, 60.07359389380011, 59.48589219812478, 59.32218605935476, 57.7699232925638, 58.05296517129891, 57.421474874995816, 58.008535122737236, 57.63348822698975, 57.20782424755535, 56.15320993047326, 57.102505237743884, 56.36029994842737, 56.19964974145154, 56.216172405835096, 55.94563589231704, 56.0417048005194, 55.76685844248313, 55.33185272155097, 55.007112881976994, 54.82295558281558, 54.85545485065353, 54.71536937323119,  ]
 Inception Scores: [1.3531395684051768, 2.552367091281237, 2.326963827408061, 2.302718588266903, 2.21531588545185, 2.1516496511119407, 2.1189131440578683, 2.0722390138241957, 2.1057206387961664, 2.068926489166044, 2.095763429708095, 2.102185160884048, 2.109150691354377, 2.1388474272716484, 2.147132928331584, 2.150288630819533, 2.1485031915332393, 2.135142815731641, 2.133107893914582, 2.128578845209221, 2.1337756525104545, 2.1137874681031232, 2.159564194153868, 2.1252186399918904, 2.131075730160537, 2.1538304913844497, 2.151393379760656, 2.160119468781101, 2.165780327344547, 2.16889977667805, 2.1709633023012995, 2.1852996248155745, 2.1792998367844425, 2.161201447299668, 2.1604235754106926, 2.152548415250405, 2.1659916595287694, 2.1646546042820485, 2.154673564268489, 2.1492586034460865, 2.1557266597915032, 2.170496806987359, 2.1486507609706775, 2.148417995868666, 2.1406402895027083, 2.1360303791421793, 2.147899065225327, 2.167954086467917, 2.15049330642003, 2.16229621243152, ] 
 Epoch Times: 241.37321066856384, 239.3107750415802, 236.5956084728241, 237.63391423225403, 270.1503336429596, 238.56549429893494, 236.63278651237488, 236.6354193687439, 239.09026312828064, 272.0213830471039, 240.36799025535583, 238.00050258636475, 238.0083909034729, 239.80428671836853, 269.0976004600525, 237.42257499694824, 243.26757740974426, 239.3048393726349, 236.9427888393402, 266.72365522384644, 239.12164187431335, 237.89425420761108, 236.19269561767578, 236.1612069606781, 267.6496980190277, 238.78783583641052, 236.97868466377258, 235.65469336509705, 236.62049174308777, 266.66120743751526, 238.8622579574585, 238.40763115882874, 236.37996363639832, 235.3584063053131, 263.27951097488403, 236.1106197834015, 237.70244193077087, 239.40744018554688, 239.06619238853455, 266.2307450771332, 237.28210854530334, 238.12390780448914, 236.8968105316162, 238.23451900482178, 267.4674971103668, 238.17729139328003, 236.02475905418396, 236.95334815979004, 239.02216863632202, 268.26285219192505, ] 
 Total Time: 12195.922276735306
Precision: [0.009, 0.043, 0.043, 0.052, 0.049, 0.068, 0.073, 0.088, 0.084, 0.07, ] 
 Recall: [0.007, 0.036, 0.067, 0.1, 0.115, 0.116, 0.13, 0.164, 0.161, 0.167, ]