Model: DCGAN  
Dataset: MNIST_30000
Epochs: 50
Generator Losses: [0.9527415037155151, 1.3128718137741089, 0.9851498603820801, 0.6835618019104004, 0.77644282579422, 0.9421496391296387, 0.8691620826721191, 0.9125975370407104, 1.54839026927948, 1.5385257005691528, 1.4560654163360596, 2.410477876663208, 2.164324998855591, 3.3022518157958984, 1.4266409873962402, 1.98393714427948, 2.6331586837768555, 3.022334575653076, 6.275883674621582, 2.782651901245117, 2.2439446449279785, 3.058713436126709, 5.842365741729736, 3.246755838394165, 4.324526786804199, 4.043879508972168, 3.916787624359131, 2.6945455074310303, 4.2554473876953125, 4.526877403259277, 4.096075057983398, 3.276031970977783, 3.0529940128326416, 3.575497627258301, 5.764552116394043, 4.260634899139404, 4.834722518920898, 1.713042974472046, 3.9820380210876465, 4.506731033325195, 4.775328636169434, 4.668929100036621, 4.6663079261779785, 6.476701736450195, 3.5115346908569336, 3.830639362335205, 4.973029613494873, 5.287910461425781, 4.377102851867676, 1.929905652999878, ]
 Discriminator Losses: [0.6361291408538818, 0.6557068824768066, 0.6037566661834717, 0.6154545545578003, 0.5608115196228027, 0.6082433462142944, 0.6431218981742859, 0.5691409111022949, 0.5493299961090088, 0.4497110843658447, 0.33829551935195923, 0.2662961483001709, 0.1591917872428894, 0.18536722660064697, 0.34282270073890686, 0.2870423197746277, 0.12459901720285416, 0.08857879042625427, 0.6911029815673828, 0.11254705488681793, 0.2671092748641968, 0.108372762799263, 0.6967124342918396, 0.05595472827553749, 0.03044547513127327, 0.04298985004425049, 0.036816686391830444, 0.4255097508430481, 0.038647960871458054, 0.02457312121987343, 0.029926743358373642, 0.24257832765579224, 0.07705822587013245, 0.09606580436229706, 0.15903958678245544, 0.030620940029621124, 0.016513824462890625, 0.577155590057373, 0.039134811609983444, 0.023812072351574898, 0.01644531823694706, 0.026019223034381866, 0.015105590224266052, 0.01224155817180872, 0.6619340777397156, 0.048209793865680695, 0.010657177306711674, 0.00771917961537838, 0.4875296950340271, 0.2013230323791504, ] 
 FIDs: [372.747494587936, 184.17307504596133, 185.5615276495545, 148.7908113594753, 129.9901270939115, 114.82280098185821, 106.74135226559325, 89.14858611546575, 95.26284483184489, 78.57952274012874, 69.47357771451911, 67.32301497358404, 63.823098735126806, 60.70439606342449, 59.59375510139386, 58.80032149399006, 58.39187544864766, 55.261089495204025, 59.14804497625883, 54.24480025528199, 55.57309654714656, 54.61142400299388, 53.387711995270166, 55.66684991902319, 54.40252032145709, 53.63436314969522, 53.71991868082834, 52.21720657495236, 55.91481442755677, 56.04495977506017, 55.14328531759522, 52.495233676690574, 52.407431419847256, 52.56627346417242, 52.895984643820505, 55.69142559003424, 54.07377869396758, 52.019735966641036, 52.83709711237539, 55.901546978563914, 55.49341305971153, 55.655179396321884, 55.85171957767528, 52.65899035630913, 55.54801728436183, 52.133407039267055, 55.37623860549883, 55.84665266930773, 51.192750932765236, 51.15495589863772,  ]
 Inception Scores: [1.4115015264730235, 2.176502429834997, 2.581919183615687, 2.3987277563888596, 2.4607462101233826, 2.291095640200563, 2.462851265014654, 2.4005159469122552, 2.2969990921570855, 2.263131132389668, 2.276836955757246, 2.2400571460326826, 2.2048591093464194, 2.1459713213487603, 2.1609993816799338, 2.1954162035550677, 2.138196015730206, 2.103810743187581, 2.098216472523384, 2.1361199162651885, 2.2134602855391967, 2.136980984591402, 2.1515049065514695, 2.0943894820894084, 2.157834224506203, 2.186813166422479, 2.189303743955422, 2.2136910791061792, 2.1428042574515094, 2.13164554605858, 2.1046944921528885, 2.2173779176943165, 2.1663936763458045, 2.1270294496021074, 2.136144506864275, 2.123379240550504, 2.133953705973501, 2.1807776720501404, 2.1626748845015666, 2.1177103279963045, 2.129078864105226, 2.1034485145228023, 2.098699224680913, 2.19046853808523, 2.1854128989990236, 2.191063349014791, 2.1250811246909485, 2.137656046790923, 2.182158073574868, 2.1751949854450627, ] 
 Epoch Times: 93.85220789909363, 90.4031434059143, 93.10654354095459, 90.61601710319519, 134.45780396461487, 91.89077949523926, 92.96804213523865, 90.09335494041443, 92.01189827919006, 124.10353636741638, 91.71013855934143, 91.94428014755249, 89.6894884109497, 92.1615731716156, 124.52689671516418, 90.22081780433655, 92.33582091331482, 89.87660694122314, 92.34317755699158, 122.94667553901672, 89.91489911079407, 92.23517107963562, 90.16229367256165, 92.00063800811768, 121.8465485572815, 90.21054887771606, 90.97729563713074, 90.00191187858582, 91.28895282745361, 122.78382635116577, 91.01616787910461, 90.70660948753357, 91.02736377716064, 91.72355246543884, 123.06307578086853, 91.75051093101501, 90.34870219230652, 90.61766600608826, 91.07071161270142, 122.76988863945007, 92.25212025642395, 90.63882231712341, 92.57689166069031, 90.94633507728577, 125.41554021835327, 93.06877589225769, 90.54736495018005, 92.41306710243225, 91.11196613311768, 122.98668837547302, ] 
 Total Time: 4898.732709646225
Precision: [0.0, 0.01, 0.037, 0.042, 0.05, 0.042, 0.052, 0.037, 0.052, 0.05, ] 
 Recall: [0.006, 0.026, 0.051, 0.062, 0.071, 0.061, 0.09, 0.067, 0.082, 0.132, ]