Model: WGAN  
Dataset: MNIST_30000
Epochs: 50
Generator Losses: [0.730675995349884, 0.7300335764884949, 0.7260541915893555, 0.6267775297164917, 0.620347261428833, 0.5335454940795898, 0.41920924186706543, 0.5601823925971985, 0.5079042911529541, 0.5837665796279907, 0.40078938007354736, 0.5012323260307312, 0.3033367991447449, 0.3869999051094055, 0.47104620933532715, 0.46721041202545166, 0.4372292160987854, 0.5774282217025757, 0.5040591955184937, 0.49689149856567383, 0.4866812825202942, 0.4389410614967346, 0.5154450535774231, 0.4473485052585602, 0.5380474328994751, 0.3554523289203644, 0.48391225934028625, 0.38654887676239014, 0.4884982407093048, 0.3894976079463959, 0.2531857490539551, 0.3440520763397217, 0.36097466945648193, 0.4121805429458618, 0.3461540639400482, -0.007284056395292282, 0.2994478940963745, 0.20583254098892212, 0.2600509524345398, 0.431698739528656, 0.34039515256881714, 0.41449084877967834, 0.3601623773574829, 0.05844688042998314, 0.23149819672107697, 0.4449824094772339, 0.44796139001846313, 0.2454131841659546, 0.4382503628730774, 0.2997591197490692, ]
 Discriminator Losses: [-1.5405023097991943, -1.5397648811340332, -1.5303927659988403, -0.6574209332466125, -0.9588006138801575, -1.1109732389450073, -1.075019359588623, -1.1332192420959473, -1.120872974395752, -1.2037506103515625, -0.9643009305000305, -1.0651391744613647, -0.9877574443817139, -1.0083192586898804, -1.0137293338775635, -1.0524818897247314, -0.9824992418289185, -0.9191194772720337, -0.9713183641433716, -0.9683505296707153, -0.9450132846832275, -0.9901865720748901, -0.9330036640167236, -0.9268615245819092, -0.8771436214447021, -0.8829741477966309, -0.8833997249603271, -0.8797321319580078, -0.8607383370399475, -0.8455237150192261, -0.7838284373283386, -0.8042811155319214, -0.792905330657959, -0.8038341999053955, -0.7841411828994751, -0.5497607588768005, -0.7536869049072266, -0.7011107206344604, -0.7283748388290405, -0.5589094758033752, -0.7097489833831787, -0.6863569617271423, -0.6958848237991333, -0.6047882437705994, -0.6656760573387146, -0.644726037979126, -0.5560848712921143, -0.6501779556274414, -0.5811176896095276, -0.6534308791160583, ] 
 FIDs: [417.4321996589643, 388.69494256228404, 271.22146744806446, 261.221023902576, 187.2332309808035, 149.53411375567097, 123.39712132512818, 113.50540392205467, 108.18724809887979, 115.516833225814, 107.21283450010446, 97.42549820304816, 92.66104759853238, 90.30704830127087, 91.67067689459573, 92.67558429088211, 87.37821926359499, 86.317371988481, 85.03597953628724, 83.77509968058395, 83.62408863731675, 81.14901118670545, 81.03573698594683, 79.94304023199628, 78.28579710495511, 77.47953381947733, 77.7374297450001, 77.67096435165615, 77.42721209129866, 77.16433451135528, 75.69014343197293, 75.66498998929367, 76.83591556047566, 75.28395482528228, 74.90997895777066, 74.12896774490719, 74.09142382248422, 73.30696708869733, 74.4925852791248, 73.66167773734593, 73.50351363391727, 72.86056619167732, 72.03401663110873, 71.21670985366116, 71.50056707989418, 71.79254538363821, 71.21150542507145, 70.13857934819049, 70.75899653365337, 70.58457044916341,  ]
 Inception Scores: [1.5856581624550694, 1.9100095671380415, 2.5372414856026, 2.0940197797387863, 2.278871299239317, 2.3482491939445365, 2.224467672236549, 2.168404306450142, 2.1263680739722854, 2.212346942156396, 2.1995881437278695, 2.140395842098246, 2.102435153646212, 2.1296144766984173, 2.150909143509774, 2.1471600646853064, 2.1537389462452854, 2.1387249736642646, 2.146315150983941, 2.1488250176403505, 2.183409935446502, 2.1628961233311284, 2.1452110736133183, 2.1710850984741805, 2.1518293462343787, 2.166932861493237, 2.1593180780640884, 2.1539446956212633, 2.1703146364447923, 2.170981356779348, 2.1321575772207546, 2.1459193655355273, 2.130692880370121, 2.1579036811408443, 2.145675741532721, 2.123406840398941, 2.1258882943625776, 2.1605085083876596, 2.1447450293794823, 2.1385751790306737, 2.1355510953298698, 2.112657526237024, 2.125293575291222, 2.1384659667846586, 2.116948899221365, 2.1069745916643177, 2.1281092771773076, 2.120048142083762, 2.1185164866196504, 2.11941729032611, ] 
 Epoch Times: 115.62932348251343, 112.8110179901123, 112.07035255432129, 111.36221194267273, 139.7828872203827, 115.02021503448486, 110.51672625541687, 110.22663283348083, 110.9287645816803, 141.93797278404236, 111.63657879829407, 111.13702011108398, 110.2693989276886, 110.32643747329712, 140.1891782283783, 109.9612455368042, 109.83202981948853, 111.9185848236084, 109.3847324848175, 139.99349355697632, 111.81285953521729, 111.83837532997131, 111.39789581298828, 110.49863696098328, 140.781170129776, 109.7804536819458, 109.96643686294556, 109.8291347026825, 109.66087079048157, 139.51662421226501, 110.03938150405884, 110.19292950630188, 110.5396945476532, 111.24253678321838, 142.94506788253784, 110.82943892478943, 110.10164046287537, 110.18617248535156, 109.92637872695923, 140.29922223091125, 109.8782730102539, 109.66236639022827, 109.49183201789856, 109.79022073745728, 139.79386281967163, 111.90535497665405, 113.13874387741089, 114.1897463798523, 113.86508059501648, 141.35715627670288, ] 
 Total Time: 5849.3923625946045
Precision: [0.0, 0.007, 0.01, 0.019, 0.015, 0.019, 0.013, 0.013, 0.018, 0.017, ] 
 Recall: [0.0, 0.021, 0.048, 0.087, 0.069, 0.059, 0.052, 0.061, 0.077, 0.064, ]