Model: WGAN-GP  
Dataset: MNIST_30000
Epochs: 50
Generator Losses: [63.20676040649414, 67.78819274902344, 66.22618103027344, 70.56507873535156, 67.29610443115234, 59.388790130615234, 57.29780960083008, 53.00666809082031, 50.19425964355469, 50.2255744934082, 45.390647888183594, 41.68306350708008, 39.3848876953125, 39.02821731567383, 35.7375373840332, 37.62348937988281, 35.87312316894531, 32.62232971191406, 30.394771575927734, 29.022241592407227, 27.977745056152344, 25.657245635986328, 22.743972778320312, 24.21495819091797, 21.87999725341797, 19.94730567932129, 19.152713775634766, 19.82122039794922, 18.29657745361328, 19.183670043945312, 17.645038604736328, 18.05465316772461, 17.849044799804688, 17.316579818725586, 18.07289695739746, 16.007320404052734, 14.459407806396484, 13.28167724609375, 12.005928993225098, 10.625596046447754, 9.258164405822754, 8.237296104431152, 6.847902774810791, 6.282463550567627, 5.814526557922363, 5.14663028717041, 3.5791335105895996, 4.565317153930664, 2.031681537628174, 1.647086262702942, ]
 Discriminator Losses: [-26.151206970214844, -14.052924156188965, -11.157109260559082, -8.95989990234375, -6.858641624450684, -4.537454605102539, -4.004807472229004, -2.321719169616699, -1.3668389320373535, -0.7289800643920898, 0.3957352638244629, 0.9318952560424805, 0.7496318817138672, 0.7174577713012695, 0.8257021903991699, 0.8670568466186523, 0.9067819118499756, 1.1569018363952637, 1.5423893928527832, 1.4848968982696533, 1.9151756763458252, 2.1285972595214844, 2.782081127166748, 2.3207409381866455, 2.961862325668335, 3.7178821563720703, 3.7915916442871094, 3.5148303508758545, 4.406398296356201, 3.898874282836914, 3.870903491973877, 3.833634853363037, 4.387019634246826, 4.742156982421875, 4.24269962310791, 4.306251525878906, 4.548619747161865, 4.853582859039307, 4.743917465209961, 4.892779350280762, 4.788504600524902, 5.011964797973633, 4.904742240905762, 5.204344749450684, 5.201895713806152, 4.86322546005249, 4.981287479400635, 4.366505146026611, 5.4125142097473145, 5.363125324249268, ] 
 FIDs: [201.30035686611987, 118.24176507582858, 106.66568078476044, 104.93892681564242, 106.7313015025504, 110.98728196697445, 111.9831221921101, 112.31714679564251, 113.09648214422924, 109.96452961052432, 106.8558862919406, 106.92312692598502, 106.05639867543104, 104.78556480082449, 105.56492951335463, 103.13757864356799, 102.50415304225135, 102.88650141256957, 102.45990224749374, 99.57954875404755, 102.27305562581776, 100.98608191655936, 99.33823620252784, 98.65718909531249, 100.75135490431433, 97.30384074192375, 97.06060025985549, 95.4799427298646, 96.67240836860313, 96.50715933043031, 97.19316914866371, 94.6791691257892, 93.24277615762571, 96.38633244776909, 91.31853161839484, 95.67661498053656, 94.77769803286171, 91.83303483501709, 91.9736355426757, 91.11836186694833, 91.72098855459427, 92.30839878769233, 91.72236269304611, 88.93869861946337, 89.79640739511441, 88.17999991147607, 89.8848927990147, 88.18804660153302, 87.46972428610653, 88.14474295331384,  ]
 Inception Scores: [1.9952076723076815, 2.3781771863523145, 2.353457062431838, 2.3414148299193003, 2.4188015975235477, 2.4669310666103414, 2.4414477407769595, 2.502080306949368, 2.5436628738960376, 2.533351769453597, 2.541749386488899, 2.433139922647284, 2.4953490707111765, 2.4361710872720668, 2.4397615438973332, 2.3261835575595495, 2.3687761032273755, 2.4206830673537443, 2.375640373241237, 2.410808456094366, 2.4414477833040142, 2.415182047123001, 2.429238019055207, 2.343639164159008, 2.400211183500968, 2.3647746658478646, 2.285950029078654, 2.357689047699009, 2.344781474620812, 2.311776310121022, 2.3435525700851394, 2.3506606363334246, 2.3338908318316953, 2.352425285140043, 2.376575627385872, 2.3606337152774683, 2.41942805011857, 2.3987072378964798, 2.389950157780215, 2.327015196453848, 2.3785278327057098, 2.3590219237845758, 2.3922094553343447, 2.340712311921379, 2.40882197554033, 2.295000652838947, 2.3556441564303534, 2.3067199121444713, 2.3467521189071014, 2.3278834266747723, ] 
 Epoch Times: 215.73819160461426, 212.23163080215454, 209.95163893699646, 209.34578943252563, 240.99495482444763, 211.30871772766113, 211.72425365447998, 210.0799674987793, 209.0341453552246, 240.86801314353943, 211.56316542625427, 211.12243032455444, 210.15906620025635, 210.30055141448975, 245.53410291671753, 212.7933268547058, 210.15002512931824, 210.18351984024048, 210.01317358016968, 243.2978847026825, 212.29703092575073, 210.42668461799622, 209.67083978652954, 210.3268826007843, 243.83760786056519, 211.06194353103638, 210.00111985206604, 210.19794297218323, 210.087872505188, 244.63782167434692, 212.25540947914124, 210.35670971870422, 210.4057593345642, 210.34214329719543, 244.33270478248596, 210.9170858860016, 210.35928750038147, 210.3310170173645, 210.11487817764282, 252.34591126441956, 210.93499279022217, 214.7695722579956, 213.11417698860168, 210.6932713985443, 245.25175309181213, 213.41426253318787, 209.4834852218628, 209.80868577957153, 210.2612600326538, 241.38227343559265, ] 
 Total Time: 10879.814935684204
Precision: [0.0, 0.001, 0.001, 0.001, 0.003, 0.0, 0.002, 0.005, 0.004, 0.006, ] 
 Recall: [0.019, 0.012, 0.01, 0.022, 0.036, 0.049, 0.06, 0.033, 0.044, 0.045, ]