Model: WGAN  
Dataset: CELEBA_70000
Epochs: 50
Generator Losses: [0.6891001462936401, 0.5886107087135315, 0.5829645395278931, 0.5831449031829834, 0.4380906820297241, 0.3485960364341736, 0.2504023611545563, 0.4651862680912018, 0.13933497667312622, 0.4520949721336365, 0.44024598598480225, -0.06293153762817383, -0.0034357011318206787, 0.0453573539853096, 0.10846877098083496, 0.0949389785528183, 0.12823638319969177, 0.17631809413433075, 0.13560692965984344, 0.16339756548404694, 0.20692546665668488, 0.1803676187992096, 0.19515174627304077, 0.16150684654712677, 0.18719829618930817, 0.17466530203819275, 0.17577782273292542, 0.11439783126115799, 0.19528581202030182, 0.1007106825709343, 0.11176227778196335, -0.07308468967676163, -0.0112563855946064, -0.21413053572177887, 0.2404666692018509, -0.24452412128448486, -0.06481532007455826, -0.26514533162117004, -0.21566469967365265, -0.13438104093074799, -0.3598773181438446, -0.22720187902450562, -0.40940505266189575, 0.3190266489982605, 0.15844383835792542, 0.15492595732212067, -0.36051031947135925, -0.4524490237236023, -0.3250654935836792, -0.13883528113365173, ]
 Discriminator Losses: [-1.521008014678955, -1.2488545179367065, -1.2458630800247192, -1.0764342546463013, -1.0108340978622437, -0.8903853297233582, -0.7551067471504211, -0.5413453578948975, -0.541410505771637, -0.458429217338562, -0.4708867073059082, -0.4499744772911072, -0.45669904351234436, -0.4001409411430359, -0.4479292035102844, -0.40784919261932373, -0.3874128758907318, -0.33969002962112427, -0.3019384443759918, -0.2915096879005432, -0.2637673318386078, -0.24265387654304504, -0.23825359344482422, -0.224738210439682, -0.17016655206680298, -0.1502711921930313, -0.17823560535907745, -0.09450405836105347, -0.15100105106830597, -0.09260561317205429, -0.1254616677761078, -0.02236981689929962, -0.009936079382896423, 0.001920938491821289, -0.09473904967308044, 0.014123603701591492, -0.01624448597431183, 0.058351293206214905, 0.06810018420219421, 0.04849955439567566, 0.1227656751871109, 0.14126716554164886, -0.01902744174003601, -0.11962875723838806, -0.06505066156387329, -0.45228636264801025, 0.029967457056045532, -0.013133376836776733, 0.09796068072319031, 0.0563758909702301, ] 
 FIDs: [354.43432272184106, 221.32494242568984, 165.26960250502282, 128.96381243575522, 111.97886249576919, 98.69932349765216, 89.07393950971098, 83.10909622553895, 77.06721395914097, 75.29066562937331, 71.6496335061384, 70.30614302536037, 68.7354057980022, 66.37161637818984, 65.37415536518483, 64.95060752946068, 64.64477774304834, 64.86805598497887, 64.73357131122168, 63.98082442432238, 63.68506112609927, 64.0784709521179, 62.871621970683236, 62.83504897128512, 62.150453628464746, 61.11353497102535, 61.35005078498468, 60.66945774962702, 61.04663793516779, 60.368741763647684, 60.79047761019352, 59.46669292264511, 59.576614978083136, 59.698919531245124, 59.69230893247102, 59.19595664268445, 60.02974572109892, 59.545962964975445, 58.87650278333266, 59.24198200456523, 58.63322265270991, 58.855832579988196, 59.72336040921935, 60.30342752828266, 60.37281403627834, 57.97992765627991, 59.57471017335898, 57.514999604583025, 57.904041504431824, 58.659299158355225,  ]
 Inception Scores: [1.4668468966243804, 3.155776842429732, 2.6438470299932058, 2.266231642291025, 2.2265175741079757, 2.1862882314898417, 2.0740930401211743, 2.085071732958957, 2.028241096663843, 2.0986799821728397, 2.136927504479297, 2.1152473340343088, 2.069178914829889, 2.092897536001661, 2.059956886671791, 2.0527646432021704, 2.055273739949844, 2.0836066356790415, 2.0586114385800336, 2.0966993097941637, 2.1080861558975292, 2.091584998985982, 2.094753920842083, 2.090793980718956, 2.073657280638114, 2.105169863514523, 2.1442668171394477, 2.1212560386519312, 2.1594528454097235, 2.1315874878832304, 2.165947796484016, 2.1044850682381173, 2.1524847918536034, 2.1190797833163764, 2.142476734539519, 2.1181898983563077, 2.158979932025189, 2.1601280020614326, 2.152127891225496, 2.181747542680313, 2.1631880426030006, 2.1566934991472273, 2.1879986045499207, 2.2057272824297285, 2.185618461533549, 2.2245726825591525, 2.116806627898189, 2.156812909726371, 2.1607190961630476, 2.171198272401558, ] 
 Epoch Times: 315.4638636112213, 313.95790672302246, 310.4474358558655, 305.29281663894653, 342.7504541873932, 307.17886543273926, 308.4655644893646, 311.77891421318054, 311.3998553752899, 348.08256793022156, 309.92493057250977, 310.56673979759216, 312.43037009239197, 313.22136425971985, 354.1349081993103, 309.239342212677, 307.61915731430054, 304.45156621932983, 303.18493390083313, 337.5803155899048, 304.7083261013031, 300.3009743690491, 303.16669607162476, 301.0776765346527, 336.2055685520172, 298.88368463516235, 298.11152243614197, 299.8541650772095, 301.34661865234375, 333.166179895401, 303.082914352417, 302.65342831611633, 297.79107689857483, 300.0284495353699, 335.5460720062256, 298.57206678390503, 298.87913274765015, 299.38748931884766, 300.7285006046295, 336.88265323638916, 301.06158471107483, 302.7066116333008, 305.54394149780273, 302.059574842453, 335.4733865261078, 297.33575797080994, 296.94411611557007, 297.1239128112793, 297.78484439849854, 332.132719039917, ] 
 Total Time: 15555.711518287659
Precision: [0.216, 0.436, 0.465, 0.46, 0.499, 0.522, 0.511, 0.493, 0.484, 0.504, ] 
 Recall: [0.028, 0.05, 0.062, 0.051, 0.069, 0.05, 0.068, 0.065, 0.06, 0.068, ]