Model: DCGAN  
Dataset: CELEBA_70000
Epochs: 50
Generator Losses: [1.5223398208618164, 1.6576108932495117, 2.0236706733703613, 1.6037611961364746, 2.5998194217681885, 2.1007213592529297, 1.5582797527313232, 1.5617741346359253, 1.9064967632293701, 2.339540719985962, 1.7969310283660889, 1.666844129562378, 1.8853894472122192, 1.3712921142578125, 2.022495746612549, 1.6808290481567383, 2.18086314201355, 2.1642277240753174, 2.1893370151519775, 2.1982831954956055, 2.1221485137939453, 2.3226242065429688, 2.1538126468658447, 2.2132153511047363, 2.3904619216918945, 1.6649458408355713, 2.2153701782226562, 2.509787082672119, 2.2921111583709717, 3.3342978954315186, 2.139791488647461, 2.994067907333374, 2.5600452423095703, 3.076270580291748, 2.1263513565063477, 3.4051904678344727, 2.861269474029541, 2.7113287448883057, 2.108002185821533, 3.3141510486602783, 3.005666494369507, 3.236600399017334, 3.076524496078491, 3.004884958267212, 3.331995964050293, 0.911332368850708, 3.4120564460754395, 3.749067783355713, 1.004336953163147, 3.6657180786132812, ]
 Discriminator Losses: [0.6305670738220215, 0.5492843389511108, 0.4109717607498169, 0.40687090158462524, 0.4249717891216278, 0.549439013004303, 0.5207889676094055, 0.517177402973175, 0.5463700294494629, 0.5715227127075195, 0.533176600933075, 0.46384912729263306, 0.4867478013038635, 0.5605822801589966, 0.4838956296443939, 0.4465981125831604, 0.49646201729774475, 0.4891958236694336, 0.5053524971008301, 0.4607638716697693, 0.4934625029563904, 0.5211770534515381, 0.5344847440719604, 0.4952901303768158, 0.48759084939956665, 0.6270154714584351, 0.43629854917526245, 0.6006154417991638, 0.4411884546279907, 1.033612847328186, 0.44371628761291504, 0.7862546443939209, 0.43572357296943665, 0.518677830696106, 0.38937902450561523, 0.8041924238204956, 0.3403332829475403, 0.29410311579704285, 0.2699137330055237, 0.2519645690917969, 0.22982187569141388, 0.4297998547554016, 0.23059220612049103, 0.1751008927822113, 0.24758532643318176, 0.42022019624710083, 0.11998695135116577, 0.2901504933834076, 0.2260981798171997, 0.26985451579093933, ] 
 FIDs: [245.08412300639012, 230.29159618291925, 200.58183863187858, 141.63863335066708, 126.26198522629315, 119.9849368005031, 92.90765210524287, 93.03530162644464, 81.98832342031679, 80.48908444684079, 77.08976665857801, 74.35406290471774, 74.8680932343043, 69.26990995463129, 70.98060844513236, 68.31917949037033, 68.12055399993821, 58.73163317206638, 60.898754680286835, 57.837458316955804, 58.1219494101026, 57.7328983339975, 57.56045843450281, 55.78432093153675, 55.05885868102041, 55.17957422941568, 56.71391281696363, 56.3914759733149, 54.01343896750063, 55.113568262670825, 54.260727043101255, 54.94052593819633, 54.16569145148753, 55.482709923669866, 52.841226326893775, 52.68861470601062, 51.61272090728784, 51.52373009120068, 50.79442335988416, 51.696164019599735, 52.84091431532242, 50.927380838143705, 50.49502825143784, 52.306364162852226, 53.0709537826719, 52.748825500976785, 51.92025832635823, 51.11662466921179, 51.43229491787741, 51.40435826238148,  ]
 Inception Scores: [1.4937890630160784, 2.189272303896167, 2.592109233820224, 2.427109354915994, 2.285968062352132, 2.4133214323934116, 2.1906842362911942, 2.2198198665618, 2.2180619978911444, 2.2274664682330365, 2.4439412271813343, 2.420038212772675, 2.4659737984189785, 2.39290355148389, 2.4591749940538845, 2.362450326339721, 2.287438155462842, 2.383787719761278, 2.3553157475478916, 2.4382027351496003, 2.451055241663323, 2.3939053012708933, 2.4357326154302936, 2.3544921189824066, 2.3671194185378677, 2.3463001053533015, 2.3356482304146704, 2.2831911915411633, 2.358524048526617, 2.3284041845218555, 2.3616026303334827, 2.3716359741511313, 2.3637027690676824, 2.3288944992848117, 2.2915187406891975, 2.3670808968389205, 2.3456927397597105, 2.3540677029549544, 2.359161050806464, 2.338992800966461, 2.3167882930089885, 2.3968044210546613, 2.3957805521541897, 2.36398762841023, 2.4595234140403512, 2.410522413532225, 2.4354021429095383, 2.4228571994191377, 2.361794786288227, 2.3809910567377557, ] 
 Epoch Times: 186.44059371948242, 186.5923092365265, 184.30426049232483, 184.43200540542603, 218.78888177871704, 184.47593116760254, 183.33634901046753, 183.6953639984131, 183.72624158859253, 222.15686130523682, 184.4545660018921, 185.77778697013855, 184.85720705986023, 184.6012477874756, 219.2147650718689, 183.30209708213806, 182.8001310825348, 183.29352283477783, 183.1767601966858, 218.33207035064697, 182.66981410980225, 183.72438073158264, 183.66762590408325, 184.96932935714722, 216.390855550766, 182.26587843894958, 182.56901001930237, 182.55622839927673, 184.09058475494385, 217.6077332496643, 182.4379448890686, 182.97139263153076, 182.75259351730347, 183.34710001945496, 216.7960183620453, 183.16972589492798, 183.0518307685852, 182.2949001789093, 183.40062499046326, 217.38150691986084, 183.07338285446167, 182.55678009986877, 182.32439303398132, 181.59727454185486, 215.850732088089, 182.13870906829834, 182.59953379631042, 182.89939522743225, 180.88189721107483, 215.35137128829956, ] 
 Total Time: 9515.147500038147
Precision: [0.104, 0.338, 0.365, 0.433, 0.484, 0.481, 0.523, 0.534, 0.488, 0.503, ] 
 Recall: [0.042, 0.028, 0.044, 0.077, 0.082, 0.076, 0.108, 0.102, 0.128, 0.106, ]