Model: WGAN  
Dataset: CELEBA_30000
Epochs: 50
Generator Losses: [0.6978499889373779, 0.698184609413147, 0.6935005784034729, 0.6977383494377136, 0.6658963561058044, 0.48868995904922485, 0.2939921021461487, 0.4502667188644409, 0.458005428314209, 0.5692828893661499, 0.3011767268180847, 0.03689899295568466, 0.39851391315460205, 0.5016806125640869, 0.2246571183204651, 0.18434736132621765, 0.43406379222869873, 0.1865580677986145, 0.4058119058609009, 0.44274643063545227, 0.12343759089708328, 0.4192875027656555, 0.32974088191986084, 0.43006473779678345, 0.06595969200134277, 0.15621870756149292, 0.34413430094718933, 0.31138432025909424, 0.11941742897033691, 0.031061071902513504, 0.0727892741560936, 0.05752266198396683, 0.08945462852716446, 0.07766234129667282, 0.03916390985250473, 0.05605534464120865, 0.08738216757774353, 0.06920444220304489, 0.051097430288791656, 0.12333930283784866, 0.09548734873533249, 0.05493695288896561, 0.03746606782078743, 0.07607686519622803, 0.030080417171120644, 0.07176217436790466, 0.030942296609282494, 0.008138744160532951, -0.0011527873575687408, -0.009996648877859116, ]
 Discriminator Losses: [-1.524916648864746, -1.5276951789855957, -1.5166981220245361, -1.5133798122406006, -1.446059226989746, -1.1971220970153809, -1.0646836757659912, -1.111414909362793, -1.0799000263214111, -0.9680950045585632, -0.9431046843528748, -0.8347439765930176, -0.8672342300415039, -0.7412773966789246, -0.789596438407898, -0.7363567352294922, -0.6970838308334351, -0.6926721334457397, -0.541764497756958, -0.6474303007125854, -0.5902726650238037, -0.6318831443786621, -0.4940091371536255, -0.500026524066925, -0.5000165104866028, -0.49632924795150757, -0.44988057017326355, -0.3400111198425293, -0.41236960887908936, -0.4041782021522522, -0.4009760022163391, -0.3475089967250824, -0.32547467947006226, -0.3424604833126068, -0.3368467390537262, -0.2970224916934967, -0.2829933166503906, -0.23807334899902344, -0.25893402099609375, -0.22696727514266968, -0.21085728704929352, -0.20366685092449188, -0.21427088975906372, -0.1673368513584137, -0.16344782710075378, -0.1321677267551422, -0.12915641069412231, -0.12437926232814789, -0.09747648239135742, -0.08442151546478271, ] 
 FIDs: [388.4661865620862, 376.56489327500907, 357.5395083221471, 313.6845104203716, 240.08214711378687, 215.34074491658475, 194.65300472336907, 164.73042619180666, 143.06527212459972, 130.4731990353625, 120.04100234512435, 116.31197275683095, 107.30346505547703, 107.38654065295466, 100.58708128316619, 96.3320627693988, 93.1364502289761, 89.4173684265005, 86.7234818172685, 84.63359278078974, 83.49492693693594, 81.15033422692213, 80.32091797700029, 78.2108734089066, 78.05668800887037, 76.4324029096437, 75.15584705163957, 75.79363042455405, 75.41024023840981, 74.22875083671377, 73.9640530832225, 74.85934212014261, 73.21140779742859, 74.53755105713765, 73.63062599517018, 73.73402404851869, 72.79391635751004, 72.44552878109482, 72.82522936582609, 71.36824796181692, 71.1664511441559, 71.36596881455245, 70.59040437082209, 71.67243714846813, 70.6286311827576, 70.54099741682202, 70.21324635531428, 70.1093857479927, 70.17826737191083, 70.05584917846778,  ]
 Inception Scores: [1.2836608354317094, 1.3331353588347825, 1.5770255156222988, 1.8188787402436333, 1.982017056965908, 3.0119287130746324, 2.63885386180695, 2.5666099238221807, 2.416665708433903, 2.161477381723086, 2.02904544692394, 2.1045873891387346, 2.033006630053072, 2.0813996089215574, 2.0726482293799138, 2.0763483175200306, 2.082419630236338, 2.0377371706861496, 2.052260005038819, 2.03032021865459, 2.017109058068839, 2.0057085396522227, 2.0526583439192834, 2.017005253167494, 1.9883247248435651, 1.9479930856431769, 1.9507125016655424, 1.9778762172641786, 1.9858877568801818, 1.9249930512497997, 1.9636906149972977, 1.959570167492123, 1.9420860272172993, 1.943884393252943, 1.928967688958989, 1.9259450737778978, 1.9318958336348722, 1.9478184005496202, 1.9802092280647305, 1.9815489126489931, 1.991212159750505, 1.9887259625076399, 1.9678991996054283, 2.0016394477542003, 2.017758931441875, 1.9907172240593318, 2.0027553505556894, 1.9856180989040504, 2.0000142874430753, 1.9754512110366431, ] 
 Epoch Times: 139.9333095550537, 138.51857686042786, 139.08337712287903, 138.84822797775269, 175.99122953414917, 138.40374088287354, 139.28410148620605, 139.3150372505188, 140.46558165550232, 178.65612292289734, 139.78727388381958, 141.22536778450012, 146.02247834205627, 139.04558730125427, 175.4453399181366, 140.81268095970154, 140.28878736495972, 141.14802241325378, 140.48208451271057, 180.19215774536133, 140.91268968582153, 138.7034456729889, 139.57309913635254, 138.46232891082764, 176.79490661621094, 137.8674066066742, 139.16065788269043, 139.59960770606995, 141.16829705238342, 179.89965152740479, 140.32426619529724, 139.86016273498535, 138.3969247341156, 141.09726643562317, 178.46123123168945, 140.876211643219, 139.86646127700806, 139.5830717086792, 138.69720435142517, 178.31152319908142, 138.77830028533936, 138.88350892066956, 138.3333775997162, 143.65460228919983, 177.65883326530457, 141.71787095069885, 141.5821762084961, 141.3347873687744, 141.18988466262817, 182.4210877418518, ] 
 Total Time: 7386.119929075241
Precision: [0.643, 0.081, 0.18, 0.226, 0.276, 0.303, 0.298, 0.309, 0.314, 0.302, ] 
 Recall: [0.0, 0.0, 0.003, 0.024, 0.006, 0.011, 0.022, 0.033, 0.027, 0.025, ]