Model: DCGAN  
Dataset: CELEBA_30000
Epochs: 50
Generator Losses: [1.6891109943389893, 1.639880895614624, 1.865251064300537, 2.11135196685791, 1.2569680213928223, 1.6542766094207764, 0.5638425350189209, 1.6937121152877808, 1.0916919708251953, 1.5305274724960327, 0.7032268047332764, 0.8254680633544922, 1.880558729171753, 1.123561143875122, 1.4197893142700195, 1.3120880126953125, 1.9090553522109985, 1.7838973999023438, 0.9293094873428345, 0.7872647047042847, 1.0393993854522705, 2.041594982147217, 1.6394842863082886, 1.5246224403381348, 1.6701548099517822, 1.7841532230377197, 1.4908215999603271, 1.6827138662338257, 1.1408432722091675, 1.2432323694229126, 1.5120930671691895, 0.8990622758865356, 0.905351996421814, 0.6298052072525024, 1.5262038707733154, 1.5841995477676392, 1.814761996269226, 1.864098310470581, 1.180171251296997, 1.5657885074615479, 1.1553380489349365, 1.6299006938934326, 1.6732279062271118, 1.660386085510254, 0.9044012427330017, 1.4947553873062134, 1.1703879833221436, 1.6655619144439697, 1.4658842086791992, 1.460066318511963, ]
 Discriminator Losses: [0.4177214503288269, 0.6052966117858887, 0.48930853605270386, 0.4857535660266876, 0.45324942469596863, 0.5607315301895142, 0.5851438045501709, 0.3689078688621521, 0.5704115629196167, 0.4831838607788086, 0.8408873081207275, 0.5836740136146545, 0.4819870591163635, 0.7304521203041077, 0.46010011434555054, 0.4979935884475708, 0.44783878326416016, 0.466059148311615, 0.517358124256134, 0.5024144053459167, 0.5830210447311401, 0.4472615420818329, 0.40451884269714355, 0.48343372344970703, 0.4968802332878113, 0.5311071872711182, 0.48676738142967224, 0.5043618679046631, 0.5631676316261292, 0.6029342412948608, 0.47205495834350586, 0.518864095211029, 0.6530637741088867, 0.5666013956069946, 0.43347927927970886, 0.46039414405822754, 0.48891115188598633, 0.5878573656082153, 0.5726205706596375, 0.534100353717804, 0.4977054297924042, 0.5069102048873901, 0.5335191488265991, 0.5750457644462585, 0.5375884771347046, 0.5063068866729736, 0.5364182591438293, 0.5066255927085876, 0.5077360272407532, 0.5399081707000732, ] 
 FIDs: [278.416632412325, 282.2930448738091, 254.28189328881862, 251.9120539769448, 215.56429884419572, 235.12543221162164, 182.97715140280576, 178.0577556465264, 184.53235518497974, 153.8908748407502, 131.15470135355824, 121.14475884054582, 114.48343288969639, 97.436780136783, 96.66171588279104, 102.24789524721004, 94.44527312599315, 89.4157014425916, 88.10578414536077, 88.58874317787522, 82.88372168179926, 77.46399703369157, 81.20106645763107, 77.27956586665432, 72.84764388706577, 72.06282833191106, 73.40545226110952, 75.01169480445012, 70.85148255218985, 72.44971692276405, 69.7243053078501, 70.24767395009464, 68.3673834695296, 68.12967142883849, 68.74348880072078, 61.002495908496385, 64.78206185332733, 63.76628696245461, 65.66430929174426, 63.086698470306544, 62.65341425596701, 65.24136163185001, 64.24492924481527, 63.40711512029763, 62.62686832575277, 62.27859916679814, 62.851241706724934, 61.05887026089704, 60.332046828953274, 59.248815995650205,  ]
 Inception Scores: [1.5626036902667755, 1.6397649264520815, 1.5258153326886994, 2.3524249263476684, 2.7241859181446815, 2.8534015512195894, 2.212803906177742, 2.7361886952574657, 2.5288016528854813, 2.448715608869687, 2.5275467054482617, 2.244832594724165, 2.3546241648557418, 2.2544163282377845, 2.1064759804929873, 2.0696430971060695, 2.334940595283003, 2.233956102479416, 2.2723056638060988, 2.107596162526252, 2.1509081175719427, 2.058183329018678, 2.3079365258029094, 2.2666584759088786, 2.239261623811072, 2.1738691404930477, 2.3229252382760848, 2.141066755926073, 2.29354550544885, 2.239367498067621, 2.2363799511276525, 2.2000332242861584, 2.233059568852372, 2.2424387541532664, 2.2972580900401014, 2.276410031912738, 2.2615480767596905, 2.2897933163256163, 2.320210380587087, 2.338257440142569, 2.3101967511935246, 2.247477598348965, 2.326173327019357, 2.331090054989347, 2.331775407165677, 2.3154388543846833, 2.3368982752396974, 2.3295616562744246, 2.355964051165184, 2.302256825049692, ] 
 Epoch Times: 96.17060494422913, 92.77199220657349, 93.21778082847595, 92.47012257575989, 92.65977001190186, 91.93144512176514, 92.1725287437439, 92.59001588821411, 91.97766208648682, 92.32111382484436, 92.74949359893799, 91.1904845237732, 91.57609629631042, 92.24720001220703, 91.25791549682617, 92.39748620986938, 91.9733247756958, 91.97510385513306, 91.53025412559509, 92.4207603931427, 92.49480032920837, 91.78219699859619, 92.03184747695923, 92.60496211051941, 92.51625323295593, 91.93118596076965, 92.10749053955078, 92.75552368164062, 91.87666487693787, 92.07980155944824, 92.50838875770569, 92.61620783805847, 91.56044936180115, 92.1755223274231, 92.74116015434265, 92.42355465888977, 91.62336564064026, 92.25299024581909, 91.9799325466156, 91.76497983932495, 92.13386583328247, 91.9940824508667, 91.24092698097229, 92.29146075248718, 91.47838306427002, 92.6582293510437, 94.17173957824707, 92.33861684799194, 92.3043053150177, 91.38027095794678, ] 
 Total Time: 4613.420314788818
Precision: [0.162, 0.077, 0.11, 0.121, 0.234, 0.269, 0.311, 0.326, 0.355, 0.392, ] 
 Recall: [0.0, 0.0, 0.03, 0.015, 0.055, 0.036, 0.061, 0.05, 0.07, 0.06, ]