Model: WGAN-GP  
Dataset: MNIST_70000
Epochs: 50
Generator Losses: [75.11211395263672, 75.39756774902344, 69.82223510742188, 65.88147735595703, 62.36585998535156, 59.68387985229492, 54.31503677368164, 47.07453536987305, 43.58795166015625, 38.358642578125, 34.603912353515625, 29.809953689575195, 25.055553436279297, 23.570053100585938, 21.185775756835938, 18.68794059753418, 17.03911590576172, 15.573291778564453, 14.691004753112793, 14.091326713562012, 15.155643463134766, 13.969854354858398, 13.470355987548828, 12.63422966003418, 11.620701789855957, 12.248180389404297, 10.689353942871094, 10.73630428314209, 10.188241958618164, 9.63876724243164, 8.46549129486084, 8.860568046569824, 8.947040557861328, 8.717838287353516, 9.88581657409668, 9.274925231933594, 9.182205200195312, 8.685271263122559, 8.850112915039062, 8.894804000854492, 8.236422538757324, 7.814938545227051, 7.50013542175293, 7.093070030212402, 7.811524391174316, 8.281547546386719, 8.074732780456543, 7.206957817077637, 6.804666042327881, 5.732646942138672, ]
 Discriminator Losses: [-13.894519805908203, -12.571954727172852, -10.731794357299805, -8.88757610321045, -8.180601119995117, -7.321298122406006, -6.262245178222656, -5.408813953399658, -4.328317642211914, -4.090248107910156, -3.693601131439209, -2.8032302856445312, -2.3569812774658203, -2.0869903564453125, -1.8005921840667725, -1.427773118019104, -1.3652504682540894, -0.9845951795578003, -0.9541789293289185, -0.7774950265884399, -0.36647194623947144, -0.13234078884124756, -0.2697150707244873, -0.0379718542098999, 0.27741897106170654, 0.5384775400161743, 0.6382946968078613, 1.0054001808166504, 1.1579664945602417, 1.3219141960144043, 1.340915560722351, 1.6626604795455933, 1.9777694940567017, 1.803598165512085, 2.0295321941375732, 1.967631220817566, 2.18574857711792, 2.225551128387451, 2.4687328338623047, 2.629141330718994, 2.549821138381958, 2.8311867713928223, 2.942800283432007, 2.984957456588745, 2.8271870613098145, 3.175107717514038, 3.3030662536621094, 3.2465333938598633, 3.3813371658325195, 3.6933798789978027, ] 
 FIDs: [112.31997471089524, 95.37020906046105, 87.4450168780998, 83.13337671943759, 81.79540501554564, 79.97831931039751, 80.71611294182128, 80.7028383803399, 80.40470710220958, 81.21419688280953, 79.80085980717047, 78.17630900074042, 77.98442241049965, 75.97247183129298, 77.37732270982643, 76.12054740698912, 74.71450060217927, 74.64493227933085, 75.73740970024227, 72.57102035530441, 74.01068201262575, 71.54767910897638, 71.37617320156642, 71.79098380105918, 70.16145755017541, 70.99182611360555, 69.05912295656348, 69.20662820064624, 68.27063880640083, 67.45203441993353, 67.34824039304927, 65.73388557786643, 66.20624968385337, 67.09259337979948, 63.600652099397024, 66.55125424456307, 65.00225633006313, 65.47573469791843, 63.8174368514805, 64.13148770960255, 64.67077143777573, 63.612227252771824, 64.28546171129341, 62.62874621559388, 63.23687659077744, 63.489825164610714, 61.777651878201205, 62.351458595486456, 61.55146091022881, 63.52164477037469,  ]
 Inception Scores: [2.394361237619765, 2.311924858435579, 2.315886609151204, 2.3708002121945064, 2.345352753666428, 2.3688933264381373, 2.446489834684968, 2.422121138601733, 2.3983564384873355, 2.4072700023365283, 2.430440567328692, 2.4852059001449653, 2.4625702998943093, 2.4546889304567556, 2.4061254744186686, 2.4030924760507357, 2.408062204087065, 2.4495153405636394, 2.4736684519270744, 2.4954908471736554, 2.4674922404329314, 2.5057454107890815, 2.3943052819700084, 2.4213524266305355, 2.4189814176052553, 2.5148634312300127, 2.4193261040355503, 2.40080204802179, 2.3813927372120793, 2.41172056457449, 2.3930187635565234, 2.391321077672568, 2.377190268253849, 2.438570678844, 2.328590246005325, 2.3694957732199677, 2.371427997293541, 2.3699915324637137, 2.379112726224368, 2.346473475661642, 2.3551054960761166, 2.3433169775416283, 2.347111215786234, 2.2880379976319287, 2.2805163217668665, 2.2824716478642295, 2.3354449326502413, 2.3210134510133207, 2.257996245227316, 2.291341472838199, ] 
 Epoch Times: 471.9019796848297, 470.35961508750916, 472.208655834198, 470.3107759952545, 516.1425168514252, 473.02459812164307, 469.17399406433105, 471.9912428855896, 474.9121255874634, 514.9832925796509, 471.5465455055237, 472.2883105278015, 469.48558926582336, 470.41441798210144, 517.297461271286, 471.7175018787384, 470.232604265213, 470.60284757614136, 472.7666816711426, 511.9585509300232, 470.64433550834656, 472.21648716926575, 471.44449734687805, 470.01584815979004, 517.4828948974609, 471.3822810649872, 470.18428087234497, 472.2100794315338, 471.60430002212524, 517.7056560516357, 471.9587359428406, 471.9195878505707, 470.4588050842285, 473.95401191711426, 515.4344577789307, 472.7164123058319, 472.1951103210449, 471.54266381263733, 470.50900173187256, 517.5232353210449, 469.93333172798157, 471.72055196762085, 473.5121183395386, 470.8683285713196, 517.8285005092621, 470.3437407016754, 472.3403127193451, 472.50748777389526, 472.68914461135864, 514.7432222366333, ] 
 Total Time: 24022.908729314804
Precision: [0.016, 0.018, 0.029, 0.023, 0.028, 0.042, 0.04, 0.042, 0.045, 0.045, ] 
 Recall: [0.019, 0.017, 0.028, 0.066, 0.038, 0.081, 0.071, 0.049, 0.045, 0.053, ]