Model: DCGAN  
Dataset: MNIST_70000
Epochs: 50
Generator Losses: [1.0632429122924805, 1.0708808898925781, 1.14076828956604, 1.042892575263977, 1.9654459953308105, 3.564300298690796, 0.32462331652641296, 0.22332394123077393, 3.012535572052002, 2.7605066299438477, 3.6423227787017822, 2.3913180828094482, 3.035965919494629, 3.560380458831787, 4.126314163208008, 2.3988518714904785, 2.8038721084594727, 4.809613227844238, 2.70477294921875, 2.4064972400665283, 4.2860798835754395, 1.0305112600326538, 3.192598581314087, 4.681061744689941, 2.52091121673584, 1.6762642860412598, 1.8119724988937378, 3.397669553756714, 3.7195355892181396, 4.225466251373291, 2.1319985389709473, 3.388498306274414, 5.719944477081299, 4.188540458679199, 4.509474754333496, 4.636475086212158, 3.773806095123291, 1.7115569114685059, 4.264566421508789, 2.8528013229370117, 1.6451265811920166, 3.4120771884918213, 3.5813345909118652, 2.8915348052978516, 5.071872234344482, 3.9908318519592285, 2.254286289215088, 2.331693410873413, 4.178554534912109, 3.565763235092163, ]
 Discriminator Losses: [0.6214429140090942, 0.5432778596878052, 0.38513943552970886, 0.28646376729011536, 0.1948901265859604, 0.12925638258457184, 0.5852720141410828, 0.6608113050460815, 0.5566962957382202, 0.08367684483528137, 0.032237708568573, 0.11942891776561737, 1.505009412765503, 0.04541143774986267, 0.018033716827630997, 0.2208457738161087, 0.12229186296463013, 0.24956996738910675, 0.24828113615512848, 0.0661875307559967, 0.013403371907770634, 0.5418999791145325, 0.3785240948200226, 0.135162353515625, 0.23398172855377197, 0.305084764957428, 0.30963924527168274, 0.06281127035617828, 0.049645744264125824, 0.022684600204229355, 0.2059929519891739, 0.06686849892139435, 0.05238449573516846, 0.02701634168624878, 0.02002052031457424, 0.047087088227272034, 0.05258265882730484, 0.34049737453460693, 0.025545518845319748, 0.3710464537143707, 0.3732098639011383, 0.05363492667675018, 0.0521426796913147, 0.14734861254692078, 0.01933257095515728, 0.057952508330345154, 0.28342315554618835, 0.18282370269298553, 0.03547772020101547, 0.024933941662311554, ] 
 FIDs: [186.07934022751357, 118.14292153611714, 95.30802031413675, 72.4613863140116, 73.07781023516881, 69.07996913031644, 60.60996774130933, 59.61542415147857, 61.844587049222255, 57.139554538819006, 74.64941419148644, 54.89100546557887, 54.18637998623886, 53.76771298809007, 63.235145703746234, 56.49427584072288, 52.06382219312392, 50.77762880074668, 53.017243035843556, 53.82224605258084, 58.43407673597967, 54.0648872074881, 51.08560429180453, 51.71159615719467, 52.90525697281165, 52.034259305881335, 54.73599859749335, 52.59780132556773, 50.93235844648834, 50.33969103468969, 52.02158828232417, 57.028752494017766, 52.9406040272079, 53.388331208336396, 53.82733030087192, 51.57407954246344, 48.6016548759784, 53.0937055080075, 53.54134495698616, 49.48802862494057, 52.848245146663025, 49.50187354503714, 49.19378941716111, 51.87695663679477, 52.256824397770785, 49.84593354944484, 48.3062695869242, 51.8523004011508, 50.966583040961424, 49.53856810516556,  ]
 Inception Scores: [2.5079619631676757, 2.5710069051853344, 2.3377888728296745, 2.1710359028174824, 2.069544473356333, 2.0809208232886833, 2.117468223942941, 2.112271516930463, 2.129119922704108, 2.0266230805288186, 1.9691747471711682, 2.075222160745717, 2.10215777663069, 2.1254713394850726, 2.0091042020973484, 2.1236015251774374, 2.129424016939107, 2.139569476707237, 2.1601928079438317, 2.0743341394973207, 2.060891828076612, 2.0907734185312066, 2.154396450966689, 2.0956139919879626, 2.1594533220408927, 2.131082425131596, 2.046309786809762, 2.1078599111806304, 2.1238177510803076, 2.116706326098315, 2.055578640626293, 2.136917069338574, 2.124303141019653, 2.0740660260653274, 2.072025454952469, 2.0854949524635376, 2.106154105727291, 2.1234137227870344, 2.079910886138803, 2.1932181792986456, 2.1006571978891757, 2.1080020489541877, 2.132814324028662, 2.0987533157084064, 2.1599830754356106, 2.161181794671782, 2.2048535301046535, 2.12981389097784, 2.078182532135738, 2.133585596451545, ] 
 Epoch Times: 192.11574983596802, 191.6354546546936, 191.62483859062195, 190.49418258666992, 219.96381068229675, 189.10955500602722, 188.3914532661438, 190.37317824363708, 190.4430603981018, 220.6875958442688, 191.02598333358765, 188.99489378929138, 187.56111407279968, 189.23269605636597, 221.04198217391968, 189.37497329711914, 190.0417709350586, 190.41279983520508, 190.3638300895691, 219.2635579109192, 189.93102407455444, 187.06808376312256, 188.52559447288513, 189.3371067047119, 218.79067516326904, 189.6012372970581, 188.79999470710754, 187.1127278804779, 189.149245262146, 220.2953724861145, 189.32009506225586, 189.79353213310242, 190.25802421569824, 188.7280194759369, 213.16887950897217, 187.71760869026184, 188.2567160129547, 188.90719079971313, 188.421893119812, 213.3859841823578, 187.50200247764587, 188.51259541511536, 188.67945551872253, 188.41997408866882, 215.16586065292358, 186.96156668663025, 188.51988005638123, 188.32240533828735, 188.5126051902771, 213.33538627624512, ] 
 Total Time: 9742.653217315674
Precision: [0.028, 0.065, 0.058, 0.08, 0.079, 0.08, 0.075, 0.069, 0.085, 0.08, ] 
 Recall: [0.023, 0.067, 0.065, 0.075, 0.065, 0.117, 0.086, 0.095, 0.08, 0.101, ]