Model: WGAN-GP  
Dataset: CELEBA_30000
Epochs: 50
Generator Losses: [137.49908447265625, 113.95455932617188, 107.06814575195312, 105.46327209472656, 100.8641128540039, 95.8230972290039, 88.3349380493164, 81.51136779785156, 75.83316802978516, 68.00065612792969, 59.327720642089844, 54.60218048095703, 47.18373489379883, 38.50986862182617, 32.60576629638672, 25.105093002319336, 14.590601921081543, 10.361703872680664, 2.106217384338379, -4.435758113861084, -6.391818046569824, -15.866779327392578, -21.877716064453125, -27.52475357055664, -31.273712158203125, -39.93486785888672, -45.156272888183594, -50.47798538208008, -54.68257141113281, -62.23371124267578, -66.78782653808594, -69.67183685302734, -76.6161880493164, -77.7835693359375, -85.64112854003906, -88.77064514160156, -95.20088195800781, -100.3671875, -103.81946563720703, -110.4293212890625, -109.90936279296875, -121.1346435546875, -120.38345336914062, -127.45276641845703, -131.4267578125, -132.6697998046875, -140.50579833984375, -140.71908569335938, -147.65675354003906, -150.5715789794922, ]
 Discriminator Losses: [-31.281774520874023, -20.67142105102539, -16.608966827392578, -14.171396255493164, -11.317570686340332, -9.416781425476074, -8.1717529296875, -7.37537956237793, -5.371410369873047, -3.882716655731201, -1.8134760856628418, -0.35236406326293945, 0.28247785568237305, 1.4437284469604492, 2.209254264831543, 3.72816801071167, 4.0176191329956055, 5.102891445159912, 5.082210063934326, 5.17209529876709, 4.9915080070495605, 5.883769989013672, 6.6990485191345215, 6.655921459197998, 7.548233985900879, 7.181158065795898, 8.954740524291992, 7.250494956970215, 8.873952865600586, 9.706001281738281, 9.280040740966797, 10.190095901489258, 9.555251121520996, 10.24381160736084, 9.890192985534668, 11.101861953735352, 10.6103515625, 11.234264373779297, 11.292647361755371, 11.04102611541748, 11.999173164367676, 10.390874862670898, 12.444113731384277, 12.250872611999512, 13.198314666748047, 12.517753601074219, 13.054616928100586, 13.650890350341797, 12.868602752685547, 14.392779350280762, ] 
 FIDs: [283.6859561083139, 245.44091530795166, 223.6031361857816, 207.20943401301946, 190.97318549357274, 168.70912764649574, 154.60923475545647, 144.5544189307525, 132.79614905960648, 127.39361410133355, 119.0726803254588, 113.74735453040826, 112.01382330438939, 109.23092956898526, 106.16686320460366, 103.06647686469499, 102.53497304496126, 103.631648611563, 102.15940781236853, 98.31758260840259, 102.3110240101557, 100.89447856943309, 99.805549409241, 97.93998385537611, 100.66975322355904, 97.96246085752159, 98.84414627508909, 97.69337856448092, 99.41269052373349, 97.63677552084772, 97.80427847405136, 99.31055533385248, 97.28237083450797, 98.43025785636934, 97.41401083584982, 99.44055457331945, 95.83936180142587, 97.95100274986363, 98.69202546314938, 98.0069155201594, 100.87834489219003, 98.03404041379194, 101.78845095488131, 100.17184946083584, 99.5803021107056, 100.83047094181376, 98.9507242198193, 100.76776476999855, 100.64874672824726, 99.94811499368586,  ]
 Inception Scores: [1.8309918675949761, 2.921095892639349, 3.2706432404661956, 3.2863604696554938, 3.264607125053034, 3.0876869757828587, 2.986366791307136, 3.0407116128347917, 2.8827272673338977, 2.836955587575899, 2.8028194161455007, 2.6466416865084743, 2.7214400696284864, 2.625372136142248, 2.549184919717687, 2.5057285092092383, 2.588999315602733, 2.6213611293046273, 2.631628760614043, 2.5135739650510853, 2.564072122158622, 2.4958382669141805, 2.4623129238004946, 2.4121590154243946, 2.6033052218761634, 2.4722091921289424, 2.503908904355352, 2.5219062529702687, 2.502553667990171, 2.62065128689693, 2.4758110421449726, 2.5545684124251844, 2.5663449225151482, 2.4965803614858526, 2.5382077525435482, 2.4693002792221455, 2.5381209061571113, 2.399206646147363, 2.5200652293129258, 2.489497636022023, 2.5043416931486533, 2.4723368698186476, 2.437894516326592, 2.503044730168402, 2.549641375838771, 2.488232651230162, 2.5734720434247906, 2.514044413523783, 2.5259625664077903, 2.566892756101191, ] 
 Epoch Times: 242.96231365203857, 240.54479050636292, 241.5968577861786, 239.94400596618652, 272.30455350875854, 241.9282672405243, 241.99746656417847, 243.29580926895142, 241.03876423835754, 272.27462816238403, 242.10188341140747, 242.12469124794006, 242.42461252212524, 241.12549686431885, 270.57517099380493, 240.99495649337769, 242.00252079963684, 239.61165976524353, 240.12574172019958, 278.33212995529175, 250.8630175590515, 250.5415735244751, 249.04050874710083, 247.72408366203308, 273.5871088504791, 244.69607758522034, 241.61921739578247, 243.6834273338318, 242.52597904205322, 275.4324164390564, 244.60124564170837, 242.96041703224182, 241.64854168891907, 242.29143857955933, 272.18167519569397, 243.35167169570923, 244.89467644691467, 244.14473867416382, 243.51651644706726, 275.95455837249756, 246.20369625091553, 243.9095230102539, 243.6506109237671, 244.60303831100464, 277.06698083877563, 246.2639238834381, 253.5915138721466, 248.10159039497375, 252.23001718521118, 276.7512617111206, ] 
 Total Time: 12504.937366962433
Precision: [0.094, 0.093, 0.149, 0.162, 0.135, 0.158, 0.161, 0.171, 0.16, 0.153, ] 
 Recall: [0.0, 0.078, 0.028, 0.049, 0.027, 0.042, 0.04, 0.065, 0.044, 0.077, ]